-71.71074
-74.05614
-69.55380
-87.14036
-89.44238
-86.85358
-81.05044
-88.24616
-89.58144
-63.56886
-82.67804
-90.87750
-34.18470
-64.22858
-81.26738
-13.85184
-46.85450
-70.78034
5.62846
-31.28386
-59.15504
11.10908
-28.74072
-54.52270
14.51496
-22.27524
-46.01422
14.06740
-19.63260
-42.29142
-4.23398
-36.94098
-58.51004
-10.40374
-41.09060
-59.65900
6.37984
-25.26882
-44.81572
8.36582
-28.26172
-49.80778
1.36598
-35.22544
-56.77690
-6.61138
-43.17206
-64.71862
1.46954
-34.09332
-56.58066
-1.50360
-34.06138
-59.55468
-11.49102
-43.05346
-71.57420
3.61654
-26.96092
-57.47278
3.89038
-27.71384
-60.20938
-1.95830
-34.61880
-66.17700
1.18980
-34.49842
-61.10764
4.47342
-31.29726
-57.92798
17.95382
-18.94646
-45.62446
29.39310
-7.58728
-34.33616
34.92410
-2.10716
-25.93838
26.67524
-8.41540
-31.37610
26.41122
-6.77390
-28.84264
26.94098
-4.30700
-24.44078
21.60692
-10.70848
-30.00036
17.82600
-11.47360
-28.89246
-114.09930
-115.29484
-111.36412
-129.34460
-134.45914
-130.46561
-112.21690
-127.17670
-131.10234
-79.57240
-108.43064
-123.19912
-43.15422
-84.91802
-110.53454
-11.82228
-54.48652
-89.02346
-4.36014
-47.88910
-87.37616
-5.84044
-51.28206
-88.71158
-7.39234
-50.73926
-83.10026
-17.87552
-59.11930
-89.39128
-28.26446
-68.48954
-96.70088
-33.41534
-71.60656
-98.82908
-29.63872
-68.81284
-98.00036
-21.66304
-64.81784
-99.01392
-25.64058
-68.75158
-100.97006
-22.45728
-66.54604
-96.77428
-15.40656
-59.50472
-89.67942
-25.48728
-67.54080
-100.70702
-29.46736
-69.51216
-106.68686
-9.39664
-49.48534
-87.67322
-7.15454
-46.28714
-87.46338
-12.07836
-53.28816
-94.48564
-2.88824
-49.16576
-86.39596
-9.55484
-55.92966
-92.19618
-11.96736
-58.47828
-95.81132
-1.53954
-48.13350
-84.50728
0.05960
-45.60228
-79.01576
1.80574
-41.97908
-73.55256
2.45862
-39.49654
-71.19636
-7.04254
-47.13862
-75.90018
-10.33038
-51.55898
-80.49918
-7.15680
-47.38368
-73.45104
-104.72472
-110.64818
-109.25140
-112.71662
-126.49748
-129.01923
-80.47348
-107.05546
-121.47586
-46.85284
-84.27762
-106.55486
-20.36156
-62.59852
-88.73680
-1.96056
-43.00990
-76.07380
-1.48140
-42.39530
-75.40452
-11.00176
-53.78396
-83.76590
-19.65174
-59.30508
-88.19688
-21.13256
-58.67622
-87.49464
-21.54978
-58.03818
-85.82024
-27.77542
-62.21440
-87.00886
-28.85434
-64.29212
-94.04470
-5.87896
-45.31400
-84.07980
-9.79104
-50.17420
-84.99084
-3.62030
-44.94646
-75.79082
-6.66664
-47.96960
-75.76684
-11.74678
-51.99728
-80.76378
-18.68190
-57.92362
-88.68698
-13.49932
-51.82060
-84.60342
-3.25704
-41.64758
-77.45028
-2.15500
-40.64464
-76.42448
5.99712
-34.59192
-69.34896
-5.62196
-46.32228
-80.09854
-6.03974
-46.90604
-81.74132
-4.56206
-46.53186
-80.43008
-1.02044
-43.09866
-77.06374
11.57682
-29.69610
-61.78008
0.16786
-40.34128
-71.56334
-11.21066
-49.95824
-79.29398
-8.59094
-49.54152
-79.06528
-19.59134
-60.55772
-87.22356
-96.46194
-109.08636
-112.25308
-90.37236
-112.81596
-123.87732
-42.05286
-79.21986
-103.14596
-23.50614
-70.43788
-100.22288
-14.87256
-63.54682
-95.19910
-13.31550
-59.71250
-93.29632
-16.81566
-61.97836
-91.53130
-26.44898
-72.43020
-95.95624
-25.16334
-67.02226
-96.46408
-11.66618
-51.40826
-84.78268
-8.00956
-45.66434
-76.99422
-24.20926
-60.81182
-90.17048
-20.14612
-58.73640
-92.09780
12.77456
-30.79340
-72.15598
-0.22832
-44.74978
-83.15812
-6.03212
-51.46578
-84.93234
-15.05078
-59.43424
-89.84192
-16.10594
-59.44444
-88.82320
-5.98768
-48.33892
-77.72028
-10.82542
-54.26762
-86.66370
-0.53074
-43.05518
-78.45460
4.68200
-35.95890
-71.33782
3.76412
-35.99426
-72.29862
-0.88462
-41.78526
-77.09698
-7.37134
-48.47092
-84.82706
-0.90194
-43.18106
-78.59948
1.63224
-43.83070
-79.33834
5.07592
-40.62768
-77.22776
0.54770
-43.43796
-78.17744
-3.83038
-46.13290
-78.00818
-7.21620
-47.78370
-79.84486
-34.31966
-70.95378
-93.17792
-79.20144
-101.52226
-107.26302
-69.05928
-100.14512
-115.75660
-26.62808
-67.38562
-92.84076
-2.05242
-53.47504
-87.80482
-5.27532
-55.35908
-90.58770
-8.72544
-55.47142
-90.67834
-10.23076
-54.64740
-86.82508
-16.78548
-58.95108
-88.08904
-24.41694
-61.38580
-93.46544
-6.82248
-45.65932
-78.66720
-3.27446
-45.02502
-76.96092
-26.53312
-66.22148
-97.16602
-24.42424
-63.07706
-95.03880
-8.45246
-51.07574
-86.06056
-11.48814
-56.07880
-89.11722
-24.28718
-65.79130
-98.88048
-34.24086
-68.69914
-104.75788
-22.31714
-59.75866
-90.81614
-15.31526
-53.78912
-78.85970
-12.08810
-53.63864
-86.70492
2.33282
-40.30748
-77.33888
8.60020
-27.14576
-61.14958
-0.25342
-38.15732
-69.11574
10.02146
-35.08794
-61.04250
4.38178
-40.94174
-75.93126
-3.25482
-48.82794
-81.84900
-8.77834
-53.62916
-85.71084
-10.33994
-53.49012
-86.63622
-25.92860
-65.39206
-94.67178
-41.40430
-75.23054
-99.63976
-52.90974
-85.07546
-103.64712
-61.04658
-90.36106
-102.11556
-57.90614
-84.91964
-98.25744
-43.72970
-78.45066
-101.64824
-18.11824
-58.42796
-88.46508
0.56134
-49.34756
-87.27106
7.38352
-43.12106
-79.96624
1.96476
-47.14768
-82.99014
-0.47552
-47.20126
-82.00872
-10.87758
-54.24268
-88.00232
-22.46130
-61.54120
-92.27804
-8.92934
-49.80738
-81.47934
-8.41280
-51.17688
-86.77700
-26.70706
-67.39890
-100.98090
-24.55020
-60.16170
-94.74036
-20.58314
-55.14484
-94.77628
-23.62334
-58.15632
-91.85594
-33.44156
-66.91280
-98.66170
-37.36790
-69.83732
-104.54312
-34.51588
-69.00896
-93.71604
-48.59592
-76.10770
-87.84338
-43.38670
-73.93940
-89.65846
-29.07380
-63.74254
-83.41646
-33.79064
-62.60976
-79.23832
-42.57320
-77.63176
-89.25398
-12.21772
-57.53380
-53.19678
10.04946
-35.51130
-46.18720
6.24986
-34.62946
-61.29760
-9.29718
-51.53532
-80.23692
-21.80762
-63.43408
-91.15088
-40.42388
-77.41012
-101.23634
-60.95600
-92.35474
-110.29190
-92.52876
-121.32052
-125.42292
-95.71880
-118.70992
-121.98894
-31.48642
-63.18622
-86.05574
-16.20230
-55.59252
-88.32386
-4.51932
-45.40954
-81.02192
2.29292
-46.12214
-85.63592
8.04682
-41.91436
-79.33798
3.72854
-46.78012
-83.17794
-6.68646
-55.69774
-93.10868
-8.04666
-55.62316
-92.02766
-2.60044
-46.81418
-77.20156
7.84966
-36.01428
-69.39064
-6.60054
-51.22550
-89.56628
-10.80266
-51.33894
-84.64974
-23.64374
-59.13266
-89.41286
-50.65470
-80.06124
-109.39274
-62.73360
-87.10190
-106.50270
-56.63078
-88.97634
-106.43652
-29.51892
-78.92162
-102.34116
-25.64934
-74.09338
-100.50626
-65.73216
-93.19742
-107.62222
-72.57618
-94.10418
-104.50620
-67.39298
-93.06804
-105.41748
-52.10140
-78.94552
-92.21546
6.22302
-36.89978
-40.15474
-7.47482
-61.93070
-43.26272
9.77400
-44.00354
-44.34036
21.93084
-24.26180
-54.57906
0.28608
-43.34034
-74.66992
-20.22466
-62.28992
-87.64590
-32.85250
-71.37286
-94.77714
-31.41782
-67.42932
-86.90016
-38.03252
-69.45788
-86.12034
-61.31718
-83.96872
-94.79866
-12.99512
-49.40144
-75.77998
-7.59798
-53.64000
-89.92084
3.13412
-39.34952
-75.52650
13.00746
-31.95166
-69.02038
5.84584
-40.62310
-73.60828
-0.57780
-47.50478
-81.47362
10.03454
-38.30938
-74.34888
8.84052
-39.01094
-75.12098
2.35358
-42.03010
-73.14062
3.73544
-39.19820
-75.29606
4.31666
-37.29060
-75.36652
-21.76180
-58.23214
-82.31070
-57.61996
-89.01328
-102.04682
-78.73826
-102.01416
-111.09376
-88.84806
-106.05174
-107.21926
-57.75678
-96.94564
-104.16368
51.20110
-26.06602
-52.26842
79.01216
-1.28426
-40.44514
-5.01710
-52.36696
-74.49296
-61.79592
-88.26042
-98.37678
-65.55700
-90.20468
-104.27282
-47.39826
-75.22320
-91.19718
-6.09896
-51.24062
-59.19690
-16.89804
-72.43454
-66.43016
6.46852
-47.50000
-61.49988
22.70112
-25.75160
-60.74984
8.91502
-34.05076
-68.03758
-13.66116
-53.12702
-83.12870
-22.28934
-60.26746
-88.27810
-25.82912
-63.37896
-89.41428
-0.53384
-37.53610
-63.75042
-24.88350
-56.16582
-77.52832
9.54512
-30.53434
-55.46928
2.03904
-46.61870
-80.45428
5.77482
-37.29164
-70.03006
1.70898
-40.80150
-72.46740
-7.45806
-46.44894
-76.04748
-3.88426
-45.25600
-76.82316
0.75612
-41.97522
-75.61014
2.69134
-41.47394
-75.20674
-6.71134
-46.30814
-79.09348
8.67244
-29.44320
-65.20270
2.29558
-32.42796
-66.16396
-54.87336
-84.39192
-99.19274
-74.93242
-101.27988
-103.08790
-79.10684
-97.25116
-103.12086
-85.25286
-97.27972
-101.21704
-43.37370
-87.37800
-104.33604
73.49040
-20.58832
-63.55084
87.39796
-17.75692
-57.70606
32.40124
-36.86692
-48.76288
-29.42442
-68.84826
-70.71014
-52.01668
-84.66094
-92.50220
-53.78370
-83.65100
-95.44946
-54.64350
-87.87354
-95.61558
-52.49028
-92.13660
-97.84044
-21.17928
-60.32562
-83.98778
7.10636
-31.60528
-61.25848
7.41276
-30.89012
-62.50522
1.76158
-37.11868
-71.73860
0.23034
-39.17478
-72.78360
-7.27504
-45.30420
-77.92644
-0.97282
-42.55654
-76.33360
7.58340
-34.33416
-66.23266
26.77156
-9.92706
-33.42308
28.31254
-15.94512
-43.30852
30.18702
-13.47388
-37.76716
14.14658
-26.90016
-54.15446
-3.06800
-37.54980
-65.73290
-1.41196
-40.23094
-68.38984
-0.80120
-39.91292
-70.14306
0.14116
-34.27852
-65.58998
5.78044
-27.98364
-57.37084
4.24378
-27.97220
-49.38032
-38.14430
-64.91906
-87.31304
-65.46076
-89.94468
-108.44466
-66.74824
-91.95918
-101.52374
-58.94578
-85.88740
-97.52588
-50.07996
-74.84332
-87.54042
-26.19524
-71.91110
-91.64586
22.63932
-55.17706
-84.92262
18.64020
-61.30490
-81.07452
11.54256
-46.53722
-57.27526
-8.36636
-50.61576
-61.26738
-27.90680
-67.46946
-77.02650
-32.50370
-71.41428
-84.90988
-42.17740
-77.50178
-93.94632
-53.01422
-87.80468
-97.18458
-26.82222
-63.23030
-86.53594
8.36282
-35.66870
-65.92462
8.72228
-34.94152
-66.12860
7.07732
-34.20776
-69.39566
6.61496
-34.23238
-67.42434
6.13528
-34.41692
-67.64022
2.43800
-41.76900
-75.09916
6.87824
-36.68086
-66.14128
27.02860
-7.32778
-27.36852
29.59056
-10.28758
-37.20808
30.50592
-9.74024
-36.62302
21.43488
-18.13196
-47.95304
7.22682
-25.70804
-53.44196
10.78964
-25.44274
-51.15248
12.43290
-23.05122
-48.83026
7.20806
-22.49954
-50.36046
13.93638
-13.00330
-34.97644
-6.35332
-36.63360
-47.71126
-47.93954
-83.67826
-102.81842
-31.33036
-70.67572
-98.91482
-38.51710
-78.53440
-98.89408
-30.81956
-67.53136
-85.96136
7.96020
-32.55152
-59.04132
9.79104
-39.62372
-67.14402
18.76218
-36.74372
-62.27916
4.70856
-50.91602
-79.51624
8.58800
-42.20632
-70.75954
4.72746
-39.32128
-59.74268
11.11944
-32.31104
-40.60226
46.59616
4.71080
-10.47616
14.06586
-25.30238
-63.42700
-25.71110
-63.63228
-90.67650
-19.44296
-58.04640
-92.03326
7.77910
-35.52928
-76.47884
4.05924
-38.90016
-72.74702
6.53194
-35.09492
-66.92388
12.07884
-29.23458
-61.07644
10.58736
-31.49780
-63.34960
4.85668
-40.91562
-72.81346
8.21038
-35.00912
-63.02754
18.32226
-14.68776
-31.29530
21.02390
-17.47232
-44.97284
20.94160
-16.85186
-48.30420
9.84442
-28.20302
-61.59884
1.50820
-32.84226
-59.17790
2.88516
-30.67934
-50.99102
-9.47736
-40.24794
-60.63526
-23.63314
-49.61328
-73.15348
3.21030
-19.90736
-44.59388
-7.09880
-39.43818
-59.26448
-16.77882
-62.46206
-100.38444
17.75162
-36.45090
-92.49316
7.40670
-44.43250
-91.58772
34.01810
-6.45258
-37.70226
39.78632
-7.45078
-45.74746
22.52828
-22.57364
-62.90238
31.52740
-6.64614
-41.98124
18.53642
-25.77972
-58.14590
47.50836
-2.04302
-33.36094
31.81612
-13.08134
-44.29942
66.27418
26.92694
-2.13932
80.73682
43.91996
7.98096
61.05974
22.72920
-21.13602
-2.58218
-45.59148
-75.36252
-19.23390
-60.97278
-90.68174
13.10654
-28.36770
-64.02088
10.42820
-29.75688
-57.28796
5.95762
-32.00650
-60.52946
10.58888
-30.18638
-59.73564
8.05016
-35.53828
-66.04196
7.22584
-39.03494
-71.53736
7.52962
-35.29028
-62.90802
15.64440
-12.96410
-33.14012
16.39702
-19.66582
-47.77182
15.40696
-19.88370
-47.94674
19.34936
-19.13514
-51.17306
21.93170
-13.77498
-40.78672
-4.85274
-34.71714
-49.74274
-42.36184
-67.38612
-80.50450
-38.57328
-61.73660
-81.05958
-17.70970
-41.98138
-69.46056
-26.18750
-64.59950
-90.19168
10.05088
-42.59266
-94.24034
84.40486
28.27806
-54.47362
49.01422
1.32560
-72.52674
61.67404
28.41302
-15.57662
81.42836
47.43768
8.36146
59.20970
26.36746
-14.74040
75.11794
42.22520
-3.87102
77.17758
40.17954
1.09086
83.24952
42.00234
3.95374
61.57436
20.92262
-23.03106
70.20490
36.06324
-16.76328
59.63810
29.02360
-25.67952
32.93792
-1.25494
-37.85082
2.32158
-39.67782
-64.14660
-3.30136
-46.10452
-76.45862
4.20740
-36.39690
-63.66362
3.66784
-32.75214
-53.93376
5.24294
-31.04480
-55.22836
8.98260
-31.23348
-58.46768
10.46540
-33.60912
-63.78058
11.48502
-36.29898
-68.41910
7.78444
-35.61456
-61.82950
32.10570
3.84564
-19.91530
29.92280
-5.75826
-33.47526
17.87002
-16.96432
-40.67688
18.64454
-21.28204
-49.00144
7.13882
-30.92576
-54.64196
-35.68500
-63.87814
-77.64970
-54.20550
-78.48464
-91.37390
-45.52818
-69.86888
-88.93652
-42.89918
-74.30190
-93.52116
-20.57656
-66.04454
-87.40632
36.62004
-15.00672
-62.42922
99.87540
54.84254
-20.64390
53.52258
15.98288
-55.57942
61.30444
37.23792
-9.47896
109.05148
95.26584
63.45980
88.92152
71.26076
36.42910
97.88602
67.22740
15.43364
94.86410
67.16910
7.39304
83.95448
56.02356
-0.71668
86.28102
52.94650
-0.67784
80.71640
49.86324
-2.65252
71.21402
47.74670
-3.66010
60.76134
40.61826
1.32362
46.18372
15.17368
-13.03416
33.78008
-4.10878
-37.19694
12.40034
-27.35698
-56.32506
7.90998
-26.75234
-47.64272
0.71978
-32.90192
-54.75786
6.48268
-31.13404
-57.99976
17.94738
-25.60570
-54.38078
11.87780
-35.46890
-67.18374
13.08332
-28.93914
-55.71176
19.36798
-11.60832
-37.94768
25.39448
-14.95044
-48.29408
23.28134
-15.11918
-45.50684
22.86604
-17.52998
-47.95252
11.19554
-27.26338
-50.72292
-45.48754
-75.01664
-91.53306
-36.97868
-64.54828
-80.19114
-21.49802
-53.09182
-71.87508
-31.18028
-69.77808
-85.68120
1.20202
-39.41348
-66.47818
63.56984
31.83508
1.66802
55.95988
27.88006
-4.37092
15.44922
-19.10030
-60.41094
73.18848
42.10202
9.64888
93.06296
80.22156
58.70534
112.06358
107.37292
84.84794
114.03704
107.43494
74.95450
107.96178
100.37986
53.97566
110.95296
99.09480
51.75176
97.13910
76.85540
32.61520
95.53406
70.69450
27.54642
106.23438
88.69314
45.64814
90.98788
85.67044
52.71742
96.65334
87.42786
69.49372
88.27258
71.18532
44.31468
29.92308
-3.09740
-33.83794
2.58914
-32.40316
-55.05282
4.39834
-26.61712
-50.19352
7.05366
-26.98106
-52.52008
9.41070
-25.62974
-53.04764
4.34060
-34.57466
-63.89830
5.34924
-33.31334
-59.65280
22.36578
-10.27944
-37.24490
22.49440
-23.45004
-59.47004
21.52416
-22.43944
-57.54956
23.24044
-21.70020
-60.87006
8.66372
-25.27744
-57.48500
-61.94768
-78.87072
-90.15140
-59.60696
-77.57270
-79.94462
-38.35092
-70.35840
-76.81620
-13.81838
-54.82692
-73.40456
54.66918
26.67656
-0.02628
92.16520
72.11324
59.30846
9.60780
-24.73662
-38.66100
33.00608
-13.81806
-46.81282
76.78784
37.41054
2.27964
66.66366
47.55824
25.33094
117.82668
115.86024
102.61358
125.78160
134.89165
122.74160
125.65556
133.78516
109.72738
115.57412
115.43336
87.48046
106.69378
98.08044
70.24040
101.22612
89.02110
60.27196
86.98652
77.12060
50.44858
103.59964
97.93428
87.32268
123.33696
121.76680
119.18414
115.02218
109.55474
84.97724
32.66496
12.22822
-32.26774
0.34562
-25.12284
-61.58606
2.12580
-23.40368
-52.78666
0.61860
-28.94926
-59.24560
1.94976
-30.66752
-62.82800
2.88944
-34.66760
-66.68984
-0.32314
-36.67476
-60.69962
23.48198
-10.87612
-36.54386
19.71960
-27.88506
-63.65118
20.95186
-24.63552
-60.53174
27.87322
-21.68320
-59.65832
8.50608
-33.04852
-61.05068
-60.07544
-79.57948
-88.62688
-40.82294
-60.34072
-68.43842
-13.52410
-50.09716
-72.24128
37.18870
2.61284
-33.63912
96.59998
86.02334
57.65444
79.00098
64.36792
48.89092
17.50750
-27.40018
-52.01938
67.93140
15.55404
-24.12208
75.67112
39.70738
1.91966
91.73534
71.09544
48.19708
115.01196
109.51376
100.59290
117.05688
120.56242
118.72632
111.03796
116.53690
107.77130
106.04592
107.28828
93.63560
103.21164
100.00928
84.48256
67.61538
63.80534
44.36406
23.26152
19.78436
-7.57858
81.80532
75.56384
46.23858
124.43728
123.31694
108.02546
102.19596
98.10118
64.80142
38.77214
23.68830
-30.59746
21.47476
8.33654
-48.95568
20.16420
9.95910
-47.28116
17.47152
3.23068
-54.88574
13.61210
-4.69250
-64.62924
-1.69394
-26.93288
-81.73050
-10.13002
-42.20382
-73.99116
21.68992
-14.44564
-38.84700
11.16530
-34.20800
-64.73070
17.67448
-21.69880
-49.35900
25.87938
-16.48150
-43.26466
12.59388
-29.74638
-48.56122
-22.90782
-54.21554
-70.06962
-15.71554
-44.99234
-64.88984
19.60342
-13.73838
-41.64882
85.30194
63.88622
32.92856
122.82226
126.34640
105.28508
49.31668
30.72260
8.49944
48.90132
3.00776
-33.35456
93.40650
60.04696
22.68240
99.03484
81.10368
57.67804
103.27556
91.61828
73.09928
106.54008
103.02898
90.48098
97.78526
97.30404
89.81928
74.97264
71.44276
60.98078
58.02686
48.24342
32.84840
55.12890
42.90650
22.59674
64.38282
55.55480
30.30340
44.79184
41.28178
-0.87144
54.26552
51.03152
-1.08330
106.79570
101.75280
74.67538
99.53038
89.53714
54.49332
39.15040
16.18928
-35.87006
23.75590
-1.20098
-64.27540
18.29402
-2.69772
-73.73068
17.45054
-2.60024
-75.53352
23.36564
3.25632
-71.49558
19.82816
-2.20730
-75.80720
4.23998
-21.64926
-72.22940
26.81258
-11.12716
-34.27266
-5.40496
-46.60842
-73.92578
-7.51354
-39.71810
-61.21084
1.91186
-28.32276
-50.91386
4.78684
-26.46748
-51.08992
0.34650
-33.87320
-58.52590
-29.39614
-58.61508
-74.31444
55.92222
37.56472
31.80616
114.49312
109.99932
106.22990
124.13798
127.52108
123.63684
45.81680
18.95318
-1.08300
60.41304
17.18550
-16.97028
116.15542
99.42452
72.27842
104.82422
103.54152
90.42432
62.04186
55.03154
37.82394
55.28328
46.36498
27.10660
41.53510
32.66574
11.48480
21.76578
5.84626
-18.30630
24.85558
2.68020
-24.42964
32.94234
10.34422
-20.71524
60.19206
43.03402
6.03496
92.41220
80.61016
36.68162
88.86386
83.35246
47.45742
113.27314
106.02292
92.16368
113.93054
96.82532
70.98816
44.57156
9.58722
-42.28590
15.11868
-30.78856
-89.66258
13.46366
-35.40902
-93.21816
9.41982
-34.47032
-94.16302
6.05630
-32.90848
-92.42202
15.23846
-15.67934
-83.06276
27.40622
4.66520
-58.66770
19.95194
-19.81660
-41.72794
4.95622
-39.07894
-69.20568
7.14210
-28.94076
-57.25962
12.73736
-25.40642
-53.77566
11.92398
-27.28940
-56.69416
14.71110
-20.52770
-53.97082
50.07230
29.75572
5.23698
115.49884
111.98330
100.37222
129.92831
132.22597
130.59772
106.67600
98.74256
90.06460
50.40108
22.08264
-3.69088
45.98874
7.23348
-30.66022
96.80878
68.53566
34.63110
70.72992
55.85016
31.96722
-0.11004
-23.72486
-47.64828
12.06230
-14.50248
-42.46966
4.24034
-21.31310
-54.21902
28.35864
1.77570
-39.09286
42.40770
14.56386
-28.27738
9.56600
-13.67398
-52.48422
28.81668
13.07334
-23.64336
79.98294
69.65306
39.00984
118.34382
114.37644
99.74948
118.76460
111.13662
106.51134
101.31838
81.95204
65.29932
35.86390
2.64730
-40.05352
-0.63678
-38.74294
-92.41374
0.46420
-40.48480
-89.07964
-7.83982
-50.70296
-92.18954
-20.39700
-53.31236
-92.61806
-22.48706
-46.32026
-90.52250
16.46230
-2.11578
-58.24200
17.93558
-20.67856
-47.37752
5.24346
-40.67804
-71.57506
8.61624
-32.42292
-58.54560
9.42016
-31.71570
-59.90360
10.79404
-29.48122
-59.71214
20.90112
-12.52176
-44.81336
99.42528
81.84146
57.47782
123.87114
117.99672
106.61442
89.32698
85.17170
82.77542
72.12650
59.63100
48.20150
45.02742
16.07300
-10.40582
31.74252
-8.68272
-47.27894
69.49470
33.49436
-6.17404
57.40126
32.73510
3.06560
6.59584
-25.86564
-54.54904
25.81758
-9.60798
-43.26318
27.82404
-5.58142
-42.16884
50.74848
19.31882
-23.24676
25.94032
-3.70632
-47.29134
7.01846
-18.03392
-56.60982
20.10522
0.59600
-34.90650
52.33770
37.34276
9.94186
81.72438
70.21130
57.84960
70.05706
57.99470
44.63482
78.41260
61.69328
43.29254
32.68742
10.19126
-17.25972
-18.81462
-42.14952
-77.57494
-9.78402
-33.89360
-70.25928
-0.12404
-28.09998
-62.40328
1.10928
-25.86522
-56.98742
-13.35580
-38.14932
-73.16480
12.44370
-4.01402
-61.94604
17.84642
-20.63134
-49.19784
3.44574
-44.41462
-77.14436
10.95068
-33.10284
-59.05778
8.87226
-35.37462
-62.40686
4.42124
-34.03532
-65.10438
34.70106
3.00936
-27.11742
29.44902
4.48324
-17.67842
46.98642
27.64088
15.49006
68.58894
52.87726
44.72638
62.41472
43.27778
30.05832
51.18862
21.52238
-2.75258
45.13356
2.96514
-32.41270
75.04916
36.25606
-2.22922
69.87566
41.38694
8.88882
32.09184
-3.24394
-34.76180
23.32616
-16.00182
-51.47936
32.19382
-6.12042
-44.48238
33.10612
-1.22884
-42.56142
22.30284
-9.19148
-49.54312
21.26706
-9.57964
-46.92500
15.18894
-11.06508
-46.37164
16.50434
-11.16638
-41.34378
28.80282
-2.31694
-27.41900
22.06312
-6.56368
-36.69854
22.32462
-1.85962
-34.03228
19.49766
-0.36280
-31.59536
-7.10100
-13.70326
-65.92050
-6.98794
-3.32908
-72.46436
2.51424
2.35114
-69.71576
9.36930
-1.68596
-67.59420
16.58784
-4.21356
-64.01610
55.16600
38.76252
-28.99316
15.88320
-22.56012
-48.06016
9.56720
-40.29668
-73.93842
19.16896
-28.94876
-60.75506
20.20160
-29.19484
-61.08828
19.86822
-24.83678
-53.76102
33.31102
-2.72968
-31.69082
10.32966
-22.08640
-50.07570
18.11446
-15.74754
-40.75500
56.84238
23.55222
2.54142
54.56488
23.78404
5.75504
70.31904
38.90194
16.82186
86.30896
48.34304
19.14114
82.31116
45.69374
12.38330
49.25212
19.87878
-11.49408
32.37898
-2.85726
-35.26606
26.51410
-13.66198
-47.04114
27.43840
-9.73524
-47.99506
30.36352
-4.83364
-43.04724
34.34484
-0.97298
-39.15358
30.21594
-3.40156
-39.54200
25.14760
-7.83888
-41.94092
25.39082
-6.99348
-41.97326
26.61052
-8.17512
-42.09756
24.95850
-10.28448
-41.25002
11.17166
-16.54806
-53.53686
5.31170
-9.98644
-63.01608
6.51322
12.56778
-72.44858
-4.41778
20.97094
-88.96850
-10.18616
17.45298
-96.42764
-6.60116
4.27560
-96.48360
26.56960
15.76118
-64.87862
75.07388
60.71930
-9.85544
17.76080
-21.65024
-41.06312
17.27710
-33.58130
-65.08996
17.90638
-29.26844
-64.89862
30.18198
-20.37256
-53.10534
41.98544
-5.97390
-31.73780
32.55214
-7.86546
-38.62028
29.76622
-9.09208
-43.87346
33.71130
-8.64042
-44.41816
51.52326
8.65660
-20.11122
49.23534
10.81642
-13.95024
61.05814
28.97564
4.12832
94.08016
62.37320
37.32774
85.06342
56.64110
31.45608
89.15314
65.87858
40.60732
31.25494
1.10838
-26.17982
21.24930
-14.77094
-45.05034
26.15190
-8.84906
-44.01792
19.05674
-16.97514
-53.07220
32.99990
-4.14454
-39.19342
37.01946
-0.44040
-35.44622
34.09926
-2.74110
-37.67888
22.17756
-10.97042
-45.79838
-10.67940
-36.11906
-62.88392
-26.45556
-52.30530
-67.06624
-33.27108
-51.55416
-78.31850
-12.17294
-13.93600
-76.72202
14.95428
28.63796
-68.20312
0.82394
26.93314
-82.86678
-22.08760
5.37914
-100.36054
-17.59460
-4.84190
-97.46540
37.47960
28.61486
-45.87848
66.02220
50.64994
-12.77080
23.50504
-17.87244
-39.20748
10.88966
-41.00946
-72.40846
15.67276
-30.64378
-59.12648
28.02114
-17.77164
-46.32340
32.00012
-11.25644
-40.86032
35.60004
-5.16770
-40.74454
39.89726
-1.36706
-34.92308
44.91606
4.11168
-23.43924
57.77812
18.37738
-5.14312
72.48118
32.48360
5.94288
48.33762
11.65644
-16.99888
84.46784
56.08410
32.23426
106.56816
85.38736
67.38112
79.68864
63.62304
47.54360
74.81984
53.89026
32.77542
62.78962
32.98196
6.86376
28.73808
-5.06684
-36.11744
8.72908
-29.09314
-60.10886
23.69768
-14.25502
-48.19208
38.66910
0.43720
-34.41066
35.82766
-2.75372
-39.49764
-2.21806
-38.04112
-71.66632
-40.28278
-69.34328
-86.88142
-38.32848
-62.73848
-76.26096
-24.20156
-39.99056
-68.53698
8.87092
3.67232
-54.91532
15.97096
20.31506
-63.37812
1.55888
1.39904
-72.25358
-5.39068
-17.13232
-80.69134
20.07638
2.68972
-64.74128
65.20446
44.27122
-18.05380
29.86844
8.46536
-36.83200
46.29630
2.90616
-37.36090
21.56434
-33.40810
-91.73746
14.25044
-34.23312
-72.59184
16.69370
-29.32556
-57.69818
16.85032
-25.72036
-59.14084
21.49166
-20.61256
-54.01822
35.77414
-5.89140
-34.26488
45.82416
3.55388
-18.80450
48.67024
6.78292
-19.53638
66.46484
22.96006
-1.37830
48.41996
5.18026
-13.24284
32.55226
-2.45690
-26.03156
66.73898
36.91656
9.16988
38.93528
9.25922
-14.59040
41.22366
11.69076
-13.22678
51.13338
18.68284
-8.23410
32.08594
-2.40084
-29.24240
18.15438
-20.35932
-49.19952
13.10310
-26.53802
-57.32330
14.78196
-24.07728
-57.73504
10.84860
-28.28676
-63.80572
9.74254
-29.59566
-64.98560
17.50660
-21.08094
-49.40200
25.42606
-8.52186
-35.81388
21.47944
-5.79828
-40.13582
18.49176
-2.13830
-50.53664
9.49266
-9.49486
-63.98748
2.96760
-23.50678
-64.99610
15.92902
-15.06116
-61.45578
68.43180
39.92290
-20.39090
88.75210
59.75256
4.51048
11.68358
-16.73450
-53.98102
76.17578
31.76706
-31.46946
64.15072
7.11444
-84.11716
29.62470
-19.98484
-83.22166
7.98542
-39.23526
-72.45272
3.18752
-40.65730
-63.89500
15.87180
-27.55318
-54.76776
24.16358
-16.87584
-50.06352
32.27788
-8.43112
-46.58344
35.15788
-8.21198
-44.32830
30.04648
-14.99780
-39.12446
17.10704
-26.72114
-42.88692
9.40978
-31.23916
-57.54076
35.67744
-3.78002
-41.27908
48.92188
8.61456
-24.02338
26.07928
-13.11048
-41.79794
12.96412
-24.15082
-49.81596
10.85820
-25.27886
-48.89762
33.80396
-4.39072
-30.97780
34.81558
-6.52226
-36.06686
17.56272
-22.96450
-53.42422
21.44472
-18.29966
-51.61620
37.23956
-3.69276
-38.88108
42.96088
-1.19542
-37.30172
35.79962
-7.64570
-39.68766
35.86684
-2.85970
-35.94174
24.80876
-10.23582
-49.39728
11.67998
-22.65840
-59.91768
13.11228
-26.66938
-58.94432
50.99356
12.78144
-36.42946
93.63280
62.99542
-2.18570
63.15726
33.09286
-19.05450
-7.63162
-38.05040
-64.27678
90.05590
48.65678
-26.56668
69.71038
13.61904
-94.51948
46.01454
1.28356
-89.81366
30.19452
-8.20620
-72.28934
11.15672
-29.91918
-71.97198
6.72920
-34.98118
-69.95900
19.01998
-22.34678
-55.27396
25.10452
-16.02910
-50.92246
23.12294
-20.74132
-50.63552
18.17270
-23.42722
-52.31630
1.29654
-37.10532
-69.02902
12.74520
-27.49092
-61.54346
27.24396
-14.82194
-50.02828
26.47240
-12.45458
-44.77128
19.43800
-19.38676
-47.73630
9.44402
-30.32668
-53.68320
8.28058
-31.50246
-50.82430
21.15910
-19.69436
-41.97118
35.14184
-5.84078
-33.10608
30.96258
-10.17416
-39.39582
21.71434
-19.59514
-49.70824
16.33556
-24.12574
-57.11426
27.88252
-12.77878
-46.67156
28.75704
-11.12530
-44.96000
29.79130
-8.34882
-42.21424
29.66660
-7.75448
-41.68074
17.35772
-16.30112
-51.31134
22.87236
-11.13012
-49.19874
81.86788
47.52084
-5.52986
83.82318
52.08544
-3.95000
0.57564
-29.52026
-61.58964
-53.90826
-76.31780
-86.55596
93.75172
56.34872
-22.85638
77.14710
27.03242
-89.06054
63.11324
26.30506
-85.69302
50.06472
18.51178
-80.42012
34.77554
0.52232
-81.33288
21.11926
-15.80728
-76.55966
21.34548
-18.29850
-54.99470
32.45388
-9.98846
-30.67056
29.62174
-12.63148
-32.30976
18.70580
-19.34816
-48.02862
5.91282
-28.95078
-66.69162
16.38470
-24.31922
-57.14312
28.83586
-13.69580
-41.62916
22.04122
-14.38446
-43.37452
12.09554
-26.24022
-52.25462
7.12456
-33.21968
-54.26408
7.92220
-34.45392
-52.45050
18.80766
-27.60590
-51.59282
30.68200
-15.81276
-43.80460
34.34056
-12.27610
-39.23394
29.01452
-15.75844
-44.62552
3.65706
-39.28820
-69.03150
5.41894
-32.72482
-64.41868
20.20140
-17.12898
-50.78450
24.05842
-11.45566
-45.11160
26.00592
-6.73658
-38.43484
5.74208
-18.21712
-47.99094
-7.64898
-32.84840
-61.73788
63.66664
34.21664
-10.69354
49.88158
22.09660
-22.81838
-68.01984
-94.13824
-102.15202
-92.25586
-105.65896
-103.88814
81.44628
44.04670
-18.14210
76.41156
29.26650
-77.77894
74.07492
38.19890
-84.73544
67.74030
35.05516
-82.78218
60.11718
24.71242
-75.01806
48.32172
14.20962
-76.42884
36.52312
0.64602
-65.94672
24.54396
-13.16614
-55.73748
12.59320
-24.95568
-58.48336
7.62104
-32.75630
-61.28740
16.88444
-26.32502
-49.92552
25.29856
-20.75388
-44.41706
22.56324
-23.31146
-51.04242
23.65794
-19.13328
-48.87474
15.73066
-27.02356
-54.78420
14.74526
-29.03774
-53.83804
15.75714
-28.07870
-51.84440
26.68924
-16.18726
-47.93582
30.52138
-12.41316
-46.16310
28.22372
-15.78416
-45.52850
32.87800
-9.28628
-42.98640
15.62304
-25.74770
-61.35452
-2.50126
-44.03970
-74.62842
5.27340
-36.42134
-68.98404
19.06852
-18.74508
-50.28726
12.05520
-17.91378
-46.48662
-33.05802
-52.20532
-68.86812
-73.31844
-97.66354
-98.42732
13.29060
-17.22448
-50.03022
35.75964
9.99658
-40.87088
-68.68902
-92.74630
-104.75116
-72.51674
-90.86008
-93.10554
52.93190
12.62384
-18.64896
47.53098
-1.58318
-70.69340
60.71512
19.81310
-82.16812
69.04116
29.28526
-86.56530
73.17012
34.63570
-77.05238
76.18358
40.90402
-74.68560
64.28628
30.19552
-78.34748
48.17220
14.22104
-78.26444
31.07584
-4.71170
-72.14014
14.08714
-23.55522
-71.98992
17.25898
-25.23068
-60.72202
20.50496
-24.85088
-53.39042
16.63208
-29.60086
-57.17030
16.59594
-28.54158
-57.08674
14.55650
-30.57456
-58.11836
15.57138
-30.59078
-56.17446
18.73404
-26.46176
-51.02176
14.67846
-22.56916
-49.13868
13.61796
-23.67608
-49.26480
18.35766
-26.00386
-53.58368
21.07800
-29.40180
-66.94418
9.92564
-38.70626
-77.24308
-8.21420
-43.00888
-72.54378
-13.33056
-51.26124
-81.78358
-3.43962
-42.47900
-72.00460
-21.35058
-56.54110
-81.08498
-67.21356
-92.59236
-100.20864
-91.26094
-118.79892
-111.52716
5.60408
-30.05210
-54.87812
58.50748
23.66242
-18.25642
-28.58606
-62.64844
-78.71842
-42.99670
-72.28580
-79.60626
49.26526
17.05222
0.55436
41.40204
3.34674
-19.97120
52.13484
16.24322
-26.94060
61.12020
23.37790
-46.65544
74.90584
42.33900
-45.52072
90.67364
63.28566
-37.46008
90.56712
65.33512
-41.34314
79.45606
55.35058
-43.25560
63.32326
37.34458
-34.17344
47.25424
17.41270
-31.09936
38.24278
6.53288
-27.00792
35.28002
2.66506
-20.88196
35.30500
1.76028
-18.75814
33.22064
-2.23924
-20.71286
25.08140
-11.36502
-28.82974
31.09780
-5.35822
-22.85644
34.27250
-1.19832
-19.70574
21.22220
-9.27124
-21.81840
12.16738
-21.36532
-29.92994
20.05010
-22.55222
-36.12156
32.88088
-20.81986
-44.37622
15.81800
-30.99352
-58.57200
-16.13958
-36.08994
-54.70824
-9.00216
-35.08034
-55.71626
2.09882
-30.07986
-48.73532
-7.77120
-39.10538
-54.77852
-35.52152
-59.04100
-67.81320
-24.28322
-47.95734
-56.86412
42.93662
14.14800
-9.87780
89.22164
58.30292
26.16942
24.43504
-7.61742
-29.90624
-3.63908
-33.85030
-42.38186
0.00000
